    unsorted:	 171.3472991 171.3472991 2.818744819e-07 20.30866198 19.44486269 18.12305842 28.23601710 27.09448815 29.86185599 37.85651524 6.267483477 62.75011520 103.6619320 94.56300740 90.77700888 109.6888825 77.77201820 118.9050250 126.4471607 131.1353751 137.1091641 139.5281086 151.0723415 171.6370986 206.8073017 226.7462789 220.9523463 -40.13451130 252.2615257 289.1400603 458.2493428 1811.957257 3711.748030 7807.201074 10776.17927 14261.68096 19754.05538 42681.94341 36067.42932 58228.67535 87648.38360 156487.7240 211294.5788 227430.7632 253758.3845 518831.9424 4056498.302 -6.427859215e+10 6.427868785e+10
      sorted:	 -6.427859215e+10 -40.13451130 2.818744819e-07 6.267483477 18.12305842 19.44486269 20.30866198 27.09448815 28.23601710 29.86185599 37.85651524 62.75011520 77.77201820 90.77700888 94.56300740 103.6619320 109.6888825 118.9050250 126.4471607 131.1353751 137.1091641 139.5281086 151.0723415 171.3472991 171.3472991 171.6370986 206.8073017 220.9523463 226.7462789 252.2615257 289.1400603 458.2493428 1811.957257 3711.748030 7807.201074 10776.17927 14261.68096 19754.05538 36067.42932 42681.94341 58228.67535 87648.38360 156487.7240 211294.5788 227430.7632 253758.3845 518831.9424 4056498.302 6.427868785e+10
