    unsorted:	 171.3472991 171.3472991 4.582396360e-07 4.880842579e-07 170.3323999 170.5303675 169.8340626 179.4301047 184.7785228 206.0421811 201.7725893 210.9516903 215.1166717 220.6450339 223.5992846 226.4323283 248.0735858 248.5159885 244.2235238 275.3150341 288.3962388 303.8145277 0.03648509557 0.08920792907 1.253685312 2.420142675 37.33788477 30.89156186 6.889972740 13.90557996 352.6255850 369.6445689 386.3680824 426.7176675 505.8807545 612.3079009 762.2802622 1082.259223 1119.388784 1713.340771 2111.671389 3158.482525 7411.563848 17096.42184 42343.71095 76704.85175 99735.93611 6010757.520
      sorted:	 4.582396360e-07 4.880842579e-07 0.03648509557 0.08920792907 1.253685312 2.420142675 6.889972740 13.90557996 30.89156186 37.33788477 169.8340626 170.3323999 170.5303675 171.3472991 171.3472991 179.4301047 184.7785228 201.7725893 206.0421811 210.9516903 215.1166717 220.6450339 223.5992846 226.4323283 244.2235238 248.0735858 248.5159885 275.3150341 288.3962388 303.8145277 352.6255850 369.6445689 386.3680824 426.7176675 505.8807545 612.3079009 762.2802622 1082.259223 1119.388784 1713.340771 2111.671389 3158.482525 7411.563848 17096.42184 42343.71095 76704.85175 99735.93611 6010757.520
