    unsorted:	 171.3472991 6.415951636e-07 0.0006412565665 223.1055007 221.9000909 221.0986085 226.8238922 215.3678304 206.6557962 205.2356877 239.8965330 184.6151022 182.4061341 171.1409474 256.4601364 259.0969181 279.6060277 294.6932781 306.5886098 1.664908630 1.345637472 12.33715206 6.613952508 9.615743015 16.39970715 40.90403625 86.19648227 328.6348299 370.2929958 392.2693776 402.5953851 506.5587035 542.8557752 618.5456919 793.0982075 881.1523244 1083.742857 1493.701710 1736.469938 2257.767302 2699.944591 3505.352750 6745.046394 16015.34193 37227.21019 55514.37791 101357.0680 319208.4893
      sorted:	 6.415951636e-07 0.0006412565665 1.345637472 1.664908630 6.613952508 9.615743015 12.33715206 16.39970715 40.90403625 86.19648227 171.1409474 171.3472991 182.4061341 184.6151022 205.2356877 206.6557962 215.3678304 221.0986085 221.9000909 223.1055007 226.8238922 239.8965330 256.4601364 259.0969181 279.6060277 294.6932781 306.5886098 328.6348299 370.2929958 392.2693776 402.5953851 506.5587035 542.8557752 618.5456919 793.0982075 881.1523244 1083.742857 1493.701710 1736.469938 2257.767302 2699.944591 3505.352750 6745.046394 16015.34193 37227.21019 55514.37791 101357.0680 319208.4893
